1,0.017218567430973053,0.11853,0.128697,0.0191926,18.5701811161,17.8552526804,34.3464778001,0.553261599537,0.518891277336,0.669299586674,
2,0.009945312514901161,0.104541,0.104421,0.0165049,19.6808545072,19.6975496825,35.6616938644,0.61267226498,0.533620033367,0.664423569836,
3,0.011026795953512192,0.10231,0.0994297,0.0206127,19.8374511157,20.1045246661,33.7247962041,0.530808415803,0.514289431477,0.569803180202,
4,0.007174829952418804,0.0856383,0.0879772,0.0181136,21.4151650545,21.1980032338,34.853240224,0.625402869295,0.620353565855,0.692844955562,
5,0.005803652107715607,0.0833065,0.0822652,0.0167623,21.6352707192,21.7592741676,35.5249529738,0.637226915879,0.652803308894,0.748669653605,
6,0.005845613777637482,0.0776146,0.0769432,0.0151804,22.2665864468,22.3513804775,36.3880569006,0.690057784392,0.748546385849,0.805872262744,
7,0.005721407942473888,0.0717528,0.0729834,0.0153121,22.9451492731,22.8075318566,36.3104154952,0.677656735497,0.683325264298,0.805040999347,
8,0.005633622407913208,0.072865,0.0675279,0.0151923,22.8072410017,23.4970185647,36.3799405212,0.678892324509,0.695479217029,0.802922821477,
9,0.01060594990849495,0.0701079,0.0645903,0.0138223,23.126912109,23.8860623859,37.2041565136,0.750615241665,0.736194124523,0.858921083887,
10,0.0036672991700470448,0.0629988,0.0648097,0.0133242,24.1160937561,23.8767964991,37.5263415932,0.748701211081,0.730644731074,0.863244148983,
11,0.003065647091716528,0.0615331,0.0616727,0.0122239,24.310573361,24.3052235939,38.2804895721,0.763676937203,0.72017718101,0.895816378178,
12,0.003685188479721546,0.0608734,0.06046,0.0119955,24.3886605667,24.4651735693,38.4435548557,0.752633880306,0.74195508283,0.900394710111,
13,0.0033679723273962736,0.0593841,0.0584664,0.0114283,24.6125179174,24.7716100927,38.8701380058,0.800724827419,0.813710864916,0.91299048104,
14,0.00216099014505744,0.0584831,0.0585071,0.0113137,24.771594936,24.7701029892,38.9561141824,0.782857387607,0.771202222909,0.910873109584,
15,0.003415502607822418,0.0634238,0.0611985,0.0110208,24.0168816558,24.3484021098,39.1883130335,0.816141222068,0.776524412661,0.921293402494,
16,0.0017103392165154219,0.0557656,0.0560379,0.0105044,25.1808226574,25.1432000477,39.6086364806,0.829552114028,0.816000384062,0.930590505469,
17,0.0018765312852337956,0.0552922,0.0557517,0.010174,25.2689941731,25.1839426766,39.891109149,0.853604199582,0.8329559798,0.939438969831,
18,0.0014214307302609086,0.0549485,0.0584399,0.0101057,25.309252931,24.7512383818,39.9525213206,0.845411372498,0.829841451491,0.947946769777,
19,0.0020917074289172888,0.0534255,0.0541439,0.00965778,25.5737636993,25.4586978644,40.348556453,0.845462469827,0.852629900032,0.949752947923,
20,0.0019977602642029524,0.0549404,0.0554557,0.00960702,25.2984118835,25.2201366672,40.3953982864,0.823954578327,0.863250897415,0.945657156217,
21,0.001534157432615757,0.0563019,0.0546249,0.00953716,25.1099852532,25.3819620948,40.4571113181,0.871303953326,0.804544063005,0.936816991594,
22,0.0018078058492392302,0.0524773,0.0528759,0.00927496,25.7232743819,25.6527181758,40.7041474126,0.899153292709,0.882939439772,0.956824652685,
23,0.0031225220300257206,0.051815,0.0521298,0.00932482,25.8367108178,25.7797216078,40.6566333787,0.892811158218,0.790798705277,0.952785704923,
24,0.001549558830447495,0.0506029,0.0522617,0.00918747,26.0562217506,25.7577237694,40.7839826141,0.900521643292,0.900542853899,0.950116498414,
25,0.00142797885928303,0.0511289,0.051519,0.00886419,25.9670554703,25.8919182879,41.0991606659,0.908941564848,0.921193412806,0.959818346943,
26,0.0012729120207950473,0.0501237,0.0507471,0.00875553,26.1377334014,26.0211064413,41.2042899201,0.915753335409,0.911973858579,0.95905317924,
27,0.0010982033563777804,0.0500393,0.050306,0.00860678,26.1482264806,26.0966866859,41.3486192189,0.910648249406,0.918526975159,0.952585045843,
28,0.001513138529844582,0.0507529,0.0500504,0.00833053,26.0287240915,26.1482223245,41.6330871562,0.915003303477,0.906789055175,0.957739757292,
29,0.0016461192863062024,0.0506095,0.0506853,0.00818653,26.0556808929,26.03908524,41.7834695521,0.915982667653,0.907232614426,0.952173839762,
30,0.0009788728784769773,0.0502785,0.0501571,0.00834328,26.0895329053,26.1089100895,41.6145184228,0.919570250076,0.888358651082,0.936193283297,
31,0.001612542662769556,0.0497222,0.0497742,0.00795558,26.2099280517,26.2007201149,42.0319083408,0.910635069972,0.904178934613,0.950972056625,
32,0.0015399628318846226,0.0488112,0.049245,0.00787645,26.36785231,26.2874444865,42.1186480682,0.907354456451,0.903819439937,0.953319742724,
33,0.001634148764424026,0.0495984,0.049342,0.00773045,26.2116467316,26.2537606452,42.2811708579,0.912005639227,0.89472473398,0.950288588063,
34,0.0011494262143969536,0.0489428,0.0480506,0.00753785,26.3200056433,26.5000272573,42.4927383297,0.896979306509,0.91699905222,0.943975833043,
35,0.0010502809891477227,0.0471368,0.0470441,0.0071693,26.652138981,26.6654619453,42.9302672293,0.896846351537,0.908661461174,0.956014126369,
36,0.002146166516467929,0.0474023,0.0477274,0.00711151,26.6187765147,26.5621520484,42.9991932701,0.907932192351,0.922003542027,0.956094252084,
37,0.0012660674983635545,0.0462315,0.0469435,0.00717292,26.8256904665,26.6831599478,42.921626419,0.904845424771,0.906297387179,0.945919008275,
38,0.002048823516815901,0.0453262,0.0455367,0.00682729,27.0003473603,26.957039282,43.3526456803,0.904660058095,0.92461190097,0.957518686103,
39,0.0018022418953478336,0.0515992,0.0506498,0.00718736,25.8515468444,26.020425537,42.8987505793,0.858889050214,0.898018872442,0.930687977028,
40,0.0016978007042780519,0.0445121,0.0443784,0.0064322,27.1519525431,27.1815717994,43.8672740598,0.903335285903,0.923706285642,0.960004110277,
41,0.0010651132324710488,0.046023,0.0464086,0.00604518,26.8667550195,26.7886522571,44.4066007398,0.909306233885,0.92239588565,0.96506794436,
42,0.000850427255500108,0.0646128,0.0681251,0.0088981,24.0335916036,23.5179755904,41.0689837501,0.860694911476,0.686177734227,0.851600715395,
43,0.0010223804274573922,0.0436249,0.0441224,0.00594999,27.3210527014,27.2164599101,44.541309257,0.905562095447,0.901036193252,0.959072522154,
44,0.0016433040145784616,0.0428396,0.0431328,0.00558968,27.48497995,27.4211950995,45.0825564134,0.918216507602,0.925135053854,0.968203971823,
45,0.001983414636924863,0.0431513,0.0433475,0.0054816,27.4229099162,27.3830551349,45.2529348682,0.909407696757,0.93139855212,0.968668358893,
46,0.0009604759397916496,0.0428519,0.0437501,0.00517886,27.479486091,27.288903426,45.7448390426,0.915433508962,0.922654379918,0.972977411189,
47,0.0014999528648331761,0.0427281,0.0427769,0.00501072,27.4975511653,27.4920026197,46.0297967364,0.920015514031,0.919547684228,0.971655981378,
48,0.0012729130685329437,0.0429371,0.042713,0.00499527,27.4612434656,27.505121647,46.0538046364,0.924426028979,0.922054135968,0.973541432051,
49,0.0006272922619245946,0.0412603,0.0413694,0.00484214,27.8106210289,27.7906631126,46.3291208481,0.935184098007,0.935540855202,0.97748343489,
50,0.0030388084705919027,0.0510343,0.0499231,0.00614874,25.9364455022,26.1267492324,44.2632218747,0.871860202393,0.895750128344,0.96427255754,
51,0.0005074407090432942,0.0398467,0.0403389,0.00442641,28.1211050461,28.0096131084,47.1033015375,0.917165332976,0.941716152814,0.978737706703,
52,0.0013756145490333438,0.0392547,0.0399275,0.00423609,28.2444763837,28.0914859507,47.4851774181,0.941603542842,0.943912011399,0.979157367586,
53,0.0014646484050899744,0.0396206,0.0400276,0.00400192,28.1734228876,28.0808089377,47.9810434306,0.943309256892,0.94684159557,0.979695872561,
54,0.0025815090630203485,0.0468466,0.0472798,0.00432656,26.6988400796,26.6207919792,47.2982103371,0.876165984711,0.902823813541,0.974578487545,
55,0.0007673691725358367,0.0384816,0.0387783,0.00367925,28.4173496016,28.3492290891,48.7068769146,0.939510987452,0.94573304854,0.98366528609,
56,0.0014342899667099118,0.0375348,0.0379343,0.00370673,28.6367007035,28.5420292812,48.6430838989,0.940159060283,0.942706147244,0.982626086728,
57,0.0017029322916641831,0.0379789,0.0380849,0.00365994,28.5263390389,28.5081578752,48.7614264754,0.942026075971,0.944433317917,0.984801430263,
58,0.0010709739290177822,0.0474074,0.0481979,0.00414597,26.615616316,26.4625780518,47.6714207569,0.917816242911,0.803983370926,0.961607312126,
59,0.0004994207411073148,0.038314,0.0382925,0.00341876,28.441164837,28.4471012586,49.3485930194,0.920205551788,0.934752638294,0.978057768598,
60,0.0007949477876536548,0.0361377,0.0366644,0.00312758,28.9623106745,28.8332962835,50.1192884711,0.942122446479,0.944116395705,0.987345020398,
61,0.0021183539647608995,0.0482271,0.047821,0.00401809,26.4036265156,26.4720702112,47.9453718805,0.920201094595,0.868278819471,0.97172532505,
62,0.0014393030432984233,0.03747,0.0384243,0.00332545,28.6543982813,28.427539839,49.5964883993,0.94792430599,0.92704528297,0.980784818849,
63,0.0009651887230575085,0.0359923,0.036185,0.00320173,28.9917115842,28.9492050966,49.9116767725,0.956504419153,0.958697393711,0.985995325707,
64,0.0005337700131349266,0.0358338,0.036587,0.00304814,29.0272105213,28.8422255189,50.3443461366,0.952520984447,0.955413932917,0.986823368665,
65,0.0014652084792032838,0.0349811,0.0354237,0.00303389,29.2462732271,29.1352451092,50.3825570757,0.956873699835,0.95808263766,0.986377622921,
66,0.0010059672640636563,0.0347163,0.0350992,0.00301775,29.3145379998,29.2178596679,50.4263496373,0.95700030543,0.959258187478,0.986737633767,
67,0.0008271809201687574,0.0347864,0.0351322,0.00300371,29.2869860776,29.198458631,50.4648991301,0.955885368766,0.9545925961,0.986882860465,
68,0.000597794889472425,0.0344938,0.0352418,0.00312581,29.3735291367,29.1801197437,50.1211211247,0.949950772777,0.95217542767,0.985815199195,
69,0.0011561973951756954,0.0350079,0.0358979,0.00299038,29.2417589521,29.0159633982,50.5156136259,0.959160203059,0.953912761606,0.98803256274,
70,0.0006819135742262006,0.033842,0.0348007,0.00285372,29.5447516062,29.2937164934,50.9148672056,0.951454167285,0.951630879906,0.988951159158,
71,0.0006075813435018063,0.0337256,0.034205,0.00280859,29.5663447959,29.4422427064,51.0570330868,0.957738709772,0.952102667683,0.988865845717,
72,0.001077437773346901,0.033375,0.0337543,0.00258181,29.6686681576,29.5693601385,51.785617862,0.956177350132,0.955127935341,0.990090489826,
73,0.000523311726283282,0.0333054,0.033743,0.00260588,29.6729400866,29.5580408949,51.7098489053,0.961009531049,0.962488760913,0.990844686647,
74,0.0006029449868947268,0.0325502,0.0328864,0.00249429,29.8772491873,29.784250899,52.0923192986,0.963953400076,0.957911658742,0.992187037091,
75,0.000559250358492136,0.0326595,0.0331095,0.00249307,29.8520968217,29.730014677,52.0986944644,0.960857606438,0.960099609784,0.990448726532,
76,0.0007495623431168497,0.0319416,0.0324952,0.00253451,30.0447621976,29.8918488285,51.959915728,0.96129894958,0.964450783046,0.993446536212,
77,0.0004891403368674219,0.0319014,0.0321224,0.00237511,30.0412521119,29.9809936237,52.5140056031,0.95770677543,0.955948865981,0.99304431023,
78,0.0006024267640896142,0.0313079,0.0320263,0.0023003,30.2161554661,30.0118451066,52.7950047802,0.962523593585,0.966983912739,0.994280464202,
79,0.00025215279310941696,0.0329599,0.0333774,0.00217195,29.7623999214,29.651011131,53.2941428103,0.960653556664,0.965272203802,0.995097115926,
80,0.0006761749973520637,0.0315081,0.0317543,0.00218484,30.1494973634,30.0796147175,53.241899327,0.9639226872,0.966936560152,0.995578603505,
81,0.0007017700118012726,0.030814,0.0314231,0.0021075,30.3530262534,30.1757798283,53.5615020682,0.966301017493,0.969283367925,0.995637744187,
82,0.0008093947544693947,0.0379251,0.036389,0.00236318,28.5040917489,28.8865111575,52.5676795039,0.954487098538,0.951884847234,0.994773356213,
83,0.0008444491541013122,0.0314125,0.0311695,0.00208383,30.1715033517,30.2451501185,53.6742392206,0.965244803464,0.967344865587,0.996847318658,
84,0.000816016923636198,0.0355472,0.0356947,0.00210819,29.0908634477,29.0547097695,53.5716901687,0.929912262529,0.953441396738,0.993880184568,
85,0.0007991062011569738,0.029503,0.0300584,0.00181686,30.7301170199,30.5644397601,54.8772064183,0.96566681292,0.96790894269,0.997357740453,
86,0.0007709785713814199,0.0296825,0.0302037,0.00182512,30.6816261779,30.5281165389,54.829026528,0.962017696547,0.967467966862,0.997302399283,
87,0.00027604654314927757,0.0304463,0.0306543,0.00178388,30.4514455625,30.3944836826,55.0369562184,0.964581979644,0.962922484378,0.997648751187,
88,0.0006452619563788176,0.032732,0.032763,0.00179874,29.8056212943,29.7954946555,54.9583565554,0.965676867006,0.968289650441,0.997429766645,
89,0.0006821488495916128,0.028573,0.0288617,0.00168816,31.0154207086,30.9245650146,55.5199530782,0.965147038046,0.971406536522,0.997708205735,
90,0.000601910927798599,0.0287505,0.0290305,0.00173384,30.9520638267,30.867107604,55.2751261065,0.966587908912,0.966259685443,0.996079109332,
91,0.0011126456083729863,0.0283248,0.0286633,0.00167343,31.0836654787,30.9782238035,55.5913663947,0.964040748259,0.967181998855,0.997950369235,
92,0.0004193273198325187,0.0288307,0.0289528,0.00164648,30.9254559729,30.8923742163,55.7322310976,0.967126739169,0.966516305018,0.997742338976,
93,0.0004099322250112891,0.0306565,0.0310579,0.00176054,30.3771153679,30.265186942,55.1510835474,0.965636771072,0.96734058893,0.996822488117,
94,0.0006556864245794713,0.035725,0.035982,0.00178962,29.067813953,29.0031412119,55.0098370899,0.96158327189,0.961440103772,0.997609914078,
95,0.0006850217469036579,0.0293969,0.0296491,0.00185949,30.7530958599,30.6777853896,54.6827801577,0.969028523882,0.969952626625,0.997777362343,
96,0.0005269983666948974,0.0282017,0.0285405,0.00164746,31.1148784004,31.019439581,55.736339712,0.96252404204,0.972689181105,0.997967675975,
97,0.0006840056739747524,0.0289291,0.0293513,0.00170828,30.8912302371,30.7600912318,55.4082492039,0.966002375941,0.971398570345,0.998027448731,
98,0.0006170489941723645,0.0277337,0.0278735,0.00163617,31.270609517,31.2264067482,55.7908942362,0.96801001028,0.972550755178,0.998315721285,
99,0.00039356329943984747,0.0273778,0.0274533,0.00156125,31.3850709952,31.3575920496,56.1995887942,0.971384910119,0.975340914623,0.9983689499,
100,0.0005694794817827642,0.0284402,0.0287249,0.00152816,31.0261600634,30.9380561921,56.3785344786,0.971395206347,0.973717557843,0.998244706806,
101,0.0006017298437654972,0.027174,0.0277355,0.00159601,31.453411635,31.2728987395,56.020473749,0.969634389655,0.968306121928,0.997786210624,
102,0.0005333070294000208,0.0282985,0.0290101,0.00162065,31.1079290376,30.8899909833,55.8877210316,0.961805467776,0.961981887607,0.998319931188,
103,0.000414977635955438,0.027412,0.0276056,0.00160632,31.3678668591,31.3047270904,55.9654387268,0.972900387567,0.974874453799,0.997473543735,
104,0.0006387626635842025,0.0265677,0.026716,0.00153751,31.6546769003,31.6053266127,56.3425773595,0.972667723072,0.977145292651,0.998450714461,
105,0.0005230258102528751,0.0278263,0.0280885,0.00149349,31.2283794877,31.1466984704,56.6034369589,0.974043173292,0.975621087598,0.998624926025,
106,0.0005658112931996584,0.0264508,0.0265145,0.00145072,31.6819017778,31.6620648098,56.8357693165,0.973929992333,0.974997216541,0.998461545312,
107,0.000569409632589668,0.0264036,0.0263925,0.0014601,31.6926291724,31.6990582946,56.7844465868,0.97286594155,0.976307813435,0.998367307053,
108,0.0006340448162518442,0.027162,0.0274107,0.0015649,31.4347291986,31.3560443732,56.1924460099,0.972344475892,0.974541069578,0.998631551932,
109,0.0005204326589591801,0.0271789,0.0269468,0.00142036,31.4306788607,31.5126074208,57.0276443199,0.970448605822,0.972227037993,0.99840654689,
110,0.0005631775129586458,0.0262295,0.0262143,0.00149266,31.7522977102,31.7547514315,56.596763682,0.969004760633,0.972873026145,0.998202898638,
111,0.0010355657432228327,0.0454384,0.0452607,0.00250164,26.9868407958,27.028554311,52.1005652038,0.911747222391,0.93810932293,0.996068129761,
112,0.000519620138220489,0.0315655,0.0315478,0.00169429,30.1288420515,30.136184749,55.4854089187,0.949488155539,0.957248654674,0.998057479218,
113,0.00042025759466923773,0.0273644,0.027293,0.00145324,31.383793957,31.4074110965,56.838705943,0.968093606068,0.973237278454,0.999174038067,
114,0.0006151983398012817,0.0268204,0.0267653,0.00138879,31.5510925635,31.570610771,57.2299557009,0.966965505519,0.970684962566,0.999038517311,
115,0.000767480640206486,0.0276449,0.0274459,0.0015141,31.2878898044,31.354761187,56.4890655384,0.958348772778,0.966350850534,0.998714363606,
116,0.00025714945513755083,0.0258423,0.0259319,0.00135165,31.8866941625,31.8584079181,57.4660181418,0.972812109176,0.978603225862,0.999047425327,
117,0.0006630996940657496,0.0317332,0.0325738,0.00167697,30.0925662281,29.8724828837,55.5643737078,0.95102538427,0.931343941001,0.996759570774,
118,0.0004884723457507789,0.0260105,0.0258985,0.00139924,31.8279186011,31.8695715904,57.1749203945,0.971791959272,0.977714945738,0.99901117667,
119,0.0006910085794515908,0.0259083,0.026248,0.00132081,31.879880809,31.7537989427,57.6762754794,0.971203060683,0.977830685788,0.999271100425,
120,0.0002630864910315722,0.0265632,0.02667,0.00145526,31.6434814364,31.6060244602,56.8259768632,0.971198875481,0.978592496671,0.99914643394,
121,0.00047402281779795885,0.0257057,0.0256687,0.00133588,31.9398701146,31.9537693335,57.5823993231,0.973011805915,0.978838728107,0.999128113849,
122,0.0006057921564206481,0.0270152,0.0267499,0.00145352,31.4794768794,31.5729450224,56.8182352598,0.970427597252,0.974632339832,0.998555497194,
123,0.0006819733534939587,0.0246403,0.0246096,0.0013245,32.2994125771,32.3094182172,57.6551716593,0.976766577002,0.980541760372,0.999201596005,
124,0.0006326056318357587,0.0281822,0.027478,0.00140536,31.1298090397,31.3608700304,57.140618196,0.973209430309,0.977125980059,0.998942891767,
125,0.0006978073506616056,0.0248948,0.0249823,0.00130725,32.2003007945,32.1679202979,57.7595184632,0.975646630378,0.979043993172,0.998887994871,
126,0.0006925353081896901,0.0268015,0.0263018,0.00142003,31.562762213,31.7411413432,57.0177575903,0.970293672803,0.978122113862,0.997779285506,
127,0.0005662667681463063,0.0262333,0.0261546,0.00136173,31.7551817715,31.7829440292,57.4056141779,0.975418499122,0.977412053674,0.999085720968,
128,0.00043139257468283176,0.0249816,0.0248342,0.00139623,32.1726002894,32.228849935,57.1822201408,0.975009942254,0.978096383779,0.999151162042,
129,0.00014988481416366994,0.0250867,0.0258625,0.00126814,32.1479038184,31.8845203475,58.031943118,0.970498179396,0.980438150375,0.99916089171,
130,0.00035735758137889206,0.0238195,0.0237818,0.00131018,32.6026147263,32.6181319537,57.7587684251,0.978175321891,0.981989725502,0.999326677687,
131,0.0004388334637042135,0.0250275,0.0248027,0.00130017,32.1603935595,32.2414330896,57.8113035194,0.979996084073,0.980671191791,0.999171812867,
132,0.0009238104685209692,0.0316675,0.0308287,0.00156161,30.0699494162,30.3142881693,56.2022995362,0.937208195231,0.963793320326,0.998118638382,
133,0.0005072826752439141,0.0245378,0.0246635,0.00138517,32.3457080242,32.303227997,57.2643742672,0.971998859672,0.979660673013,0.998872706765,
134,0.00045663758646696806,0.0245124,0.0245081,0.00134947,32.3551716203,32.3616911212,57.4764845512,0.977566213017,0.980318431986,0.998997391645,
135,0.000819717301055789,0.0241241,0.0239261,0.0012833,32.4697359931,32.5428520245,57.9120167234,0.979361484135,0.98320445416,0.999038196992,
136,0.0005456457729451358,0.0230474,0.0233606,0.00131899,32.8746290059,32.7565317571,57.6745074372,0.980352315381,0.98090376433,0.998930170473,
137,0.0003768579044844955,0.0240949,0.024077,0.00131455,32.4781522856,32.484699775,57.6988143636,0.978076357821,0.979864245009,0.998730206645,
138,0.0012139994651079178,0.0255041,0.0255348,0.00144072,32.0010562574,31.9906386704,56.9049884853,0.974186316482,0.97608665201,0.997470098561,
139,0.00032133772037923336,0.0225192,0.0225518,0.00134837,33.0853058148,33.0653522776,57.4740749888,0.981208242616,0.984760099886,0.998484025228,
140,0.000351646012859419,0.0231406,0.0233654,0.00134585,32.8539279318,32.7615047476,57.5158774905,0.973488561438,0.982901846517,0.998622746299,
141,0.0004293507954571396,0.0233933,0.0230306,0.00143966,32.7415562935,32.8855617654,56.8899396328,0.979289880562,0.983474461886,0.997843362584,
142,0.001961537403985858,0.038418,0.0377057,0.00217851,28.4119786427,28.5782840095,53.2947317628,0.948768501723,0.947652358883,0.996740626514,
143,0.0006832004291936755,0.0267552,0.0266794,0.00154554,31.5651367561,31.5905433892,56.2807643113,0.969925571002,0.975560284419,0.997626943092,
144,0.0004984280676580966,0.025773,0.0253005,0.00141172,31.8771298603,32.0565680465,57.0732271146,0.972598712194,0.976443443975,0.998079961074,
145,0.0009854985401034355,0.0240664,0.0240218,0.00132601,32.5079445689,32.5191300879,57.6303818638,0.979731780346,0.982530210417,0.998900457005,
146,0.0007169786840677261,0.0368274,0.0373758,0.00184076,28.8353303104,28.7023394478,54.7679352558,0.966894398455,0.962282593316,0.994836728592,
147,0.00136775360442698,0.0363134,0.0364592,0.00172514,28.8727854246,28.8329907023,55.3263360246,0.947188505945,0.957164543205,0.996022115114,
148,0.0004585009883157909,0.0274112,0.0275158,0.00134976,31.3553305697,31.3185636084,57.4990865468,0.972466494136,0.972882156922,0.998822568453,
149,0.0006007275078445673,0.0249517,0.026116,0.0013275,32.1978102285,31.7807495757,57.6248863488,0.973062529922,0.981368011741,0.999052297718,
150,0.0002160483127227053,0.0249208,0.0251745,0.00135962,32.2025129164,32.1067644318,57.4172909404,0.969528373113,0.939165773821,0.998040397147,
151,0.0003991613630205393,0.0258954,0.0260353,0.00130028,31.8657056921,31.8163222646,57.829058339,0.975901677062,0.981067083152,0.998884505828,
152,0.00037757633253932,0.0230226,0.0229466,0.00124192,32.9021413818,32.9317279851,58.2008200641,0.978653135141,0.983705731813,0.999010147087,
153,0.000565910420846194,0.0229685,0.0228253,0.00123266,32.9068295516,32.9661575755,58.2811660375,0.980401036439,0.983447664733,0.999133780407,
154,0.0005511378403753042,0.0224631,0.0224878,0.00122028,33.1188265093,33.1057678578,58.3655123903,0.979166648512,0.983869376787,0.999150569161,
155,0.00026418844936415553,0.0220097,0.0221629,0.0011976,33.2965634349,33.2301342078,58.5267972337,0.97728065662,0.984298456202,0.999244567538,
156,0.0005290140979923308,0.022854,0.0224634,0.00122027,32.9585819461,33.1161655538,58.3558392787,0.980247141194,0.979583222136,0.999107091885,
157,0.00031778926495462656,0.0223512,0.0221392,0.00119047,33.1521647694,33.2432141605,58.5767905539,0.980616340334,0.980536526712,0.999151355596,
158,0.000494935957249254,0.0225119,0.0224851,0.00119639,33.1055848889,33.119138005,58.5402516938,0.982158472083,0.984171754219,0.999293514334,
159,0.00024016071984078735,0.0215742,0.0216975,0.00121614,33.4691239545,33.4134729489,58.3909423929,0.982844604647,0.983968971564,0.999107314564,
160,0.00020181348372716457,0.021361,0.0213626,0.00117074,33.5597373645,33.5601034451,58.717382617,0.982356097102,0.983139191758,0.999162800026,
161,0.0013184265699237585,0.0266517,0.024432,0.00192194,31.5764555361,32.3846031296,54.3967208834,0.971114885254,0.981231998722,0.998606170206,
162,0.0002240230533061549,0.025607,0.0250683,0.00130396,31.981169174,32.1748722894,57.78118868,0.976398042611,0.98011435026,0.998814364448,
163,0.0006709708250127733,0.0221436,0.0222765,0.00117665,33.230830903,33.1732503146,58.677519948,0.983376516121,0.982292853242,0.999212108016,
164,0.00037947192322462797,0.0235896,0.0242782,0.00125682,32.6870315589,32.4274358241,58.0868587085,0.973516574243,0.976078323581,0.998586445871,
165,0.00034539776970632374,0.0214171,0.0215493,0.00123091,33.5345531531,33.4723587839,58.2885240688,0.983032481139,0.98273638823,0.998641360911,
166,0.00022045124205760658,0.0215622,0.0215549,0.00118834,33.4701097128,33.4720662731,58.5816000881,0.984336449673,0.985413547654,0.998935999086,
167,0.00044453918235376477,0.0210025,0.0211602,0.00124612,33.6985866362,33.6284647636,58.1616298257,0.980520369642,0.980409273994,0.998482975933,
168,0.00034458719892427325,0.0219144,0.0224368,0.00123764,33.3253822727,33.1018820983,58.2378296178,0.978739121984,0.98473589079,0.99885001895,
169,0.00036067640758119524,0.0216051,0.0217342,0.00131374,33.4622183528,33.4030370833,57.7089002923,0.981204281224,0.982492926088,0.998605918329,
170,0.0005500024417415261,0.0250826,0.0249178,0.00179659,32.14269122,32.1890007213,54.9604333307,0.969495129955,0.97095809147,0.996563220178,
171,0.0003467596834525466,0.0214755,0.0216881,0.00132749,33.5209201762,33.4342912464,57.6449463031,0.981308697241,0.985782712596,0.99868155879,
172,0.00024213881988544017,0.0204379,0.0205702,0.00126024,33.9376207171,33.8753954787,58.0530449984,0.983583690481,0.981765966382,0.998355686315,
173,0.0006097644218243659,0.0203808,0.0206763,0.00128043,33.9626294453,33.8243499103,57.915557928,0.983047402827,0.983173340492,0.998489841708,
174,0.0004082391387782991,0.0210898,0.0210635,0.00128145,33.6617514995,33.6704622762,57.9245811994,0.984357923064,0.984992073194,0.998487036302,
175,0.0003743173729162663,0.0201962,0.0203523,0.00136498,34.042674215,33.9703470196,57.3661996626,0.984786054247,0.986360855448,0.99754613312,
176,0.0005243761115707457,0.021549,0.0213357,0.00145375,33.4836337154,33.5744349898,56.8138135076,0.982220296819,0.981564128767,0.997015676831,
177,0.00022371651721186936,0.0201686,0.0201234,0.00135555,34.0652312359,34.0819240878,57.4238993711,0.98267277711,0.98343095071,0.998187328886,
178,0.00013887850218452513,0.0196576,0.0196975,0.00134803,34.2883651287,34.2713423214,57.4754589174,0.984403423204,0.986323519142,0.998326873986,
179,0.0014861439121887088,0.0489306,0.0491622,0.00264443,26.3711102621,26.3255779354,51.6629809305,0.915037702408,0.941496750691,0.990999116467,
180,0.00185645860619843,0.0408055,0.0412667,0.00200665,27.9470973783,27.8375579971,54.0046315701,0.932996987679,0.958248340783,0.995306964185,
181,0.0009274460026063025,0.0324718,0.032735,0.00173574,29.9152882393,29.8417005865,55.2738211696,0.967469309604,0.968700547715,0.997275618753,
182,0.0003144261718261987,0.0288296,0.02906,0.00152927,30.9693325186,30.8990018447,56.3923959225,0.974263403729,0.976148697073,0.99852243492,
183,0.00028186861891299486,0.0276355,0.0278364,0.00155774,31.3017591614,31.2332118879,56.2245962359,0.970038483072,0.974945409028,0.998087749794,
184,0.0009555422584526241,0.0284082,0.0285434,0.00168854,31.0664127726,31.0220438438,55.5153292599,0.971105838841,0.976255329391,0.997793482852,
185,0.00047806717338971794,0.0221789,0.0219576,0.00147087,33.2018130841,33.2886367406,56.7063622529,0.979533963785,0.98355061218,0.997630500068,
186,0.0002552865771576762,0.0217981,0.021496,0.00146384,33.362506066,33.4877968576,56.7619840966,0.980819243801,0.984842104619,0.997848937457,
187,0.00031490426044911146,0.0213934,0.0213208,0.00144801,33.5181839632,33.5486055205,56.8463021506,0.982698397263,0.985891753183,0.998064222602,
188,0.00015058093413244933,0.0202624,0.0203346,0.00153029,34.0098613232,33.9746856772,56.3533487872,0.98339956839,0.980167463818,0.997073434075,
189,0.00036429977626539767,0.0249405,0.0248856,0.00142744,32.2049340288,32.2190784626,56.9692477556,0.969647123439,0.97566355704,0.998100731412,
190,0.0002599376020953059,0.0213221,0.0212575,0.00150001,33.5603309536,33.5906709026,56.5454427817,0.978903488769,0.983296126281,0.998631942568,
191,0.0003390033380128443,0.0195153,0.0195881,0.00132794,34.3500699021,34.311400287,57.6211368506,0.984992056865,0.987475964308,0.998373917007,
192,0.0006987385568208992,0.0218252,0.0217658,0.00133421,33.3463070937,33.3677389554,57.5638272953,0.980558389523,0.981775085737,0.998571124681,
193,0.00039971008663997054,0.0191062,0.0194492,0.00127951,34.5178444129,34.3598810223,57.9345303537,0.984832740426,0.986590688741,0.99860185944,
194,0.0036285556852817535,0.0652002,0.0571769,0.00322717,23.768694332,24.9413785843,49.9447273924,0.895782075857,0.854159755015,0.985220162901,
195,0.0002164611069019884,0.020445,0.0204418,0.00121602,33.9313369374,33.9319935118,58.373566018,0.982988198262,0.98679249315,0.999024591959,
196,0.00017704583297017962,0.0221202,0.0205843,0.0012713,33.1806691015,33.8315659195,57.9913508106,0.979846539213,0.982923373333,0.998825484597,
197,0.0002929206530097872,0.0198467,0.0198318,0.00114286,34.2158497627,34.221523432,58.9492189897,0.982637013914,0.986802245595,0.999070111233,
198,0.00021153775742277503,0.0203379,0.0206543,0.00117625,33.9720149428,33.8311310302,58.6773799731,0.981942179264,0.981916077561,0.998983110157,
199,0.0002294246369274333,0.0193317,0.0194593,0.00120185,34.4068827803,34.3420680147,58.4804855178,0.98360376186,0.985446754128,0.998664788531,
200,0.00034656355273909867,0.0187112,0.0186284,0.00111789,34.71185062,34.7485212837,59.1305674191,0.985031057555,0.987595342284,0.999402374975,
201,0.000209206307772547,0.0191362,0.0191393,0.00116019,34.5258988382,34.5243663968,58.8190499287,0.984618335675,0.985652231366,0.999343596483,
202,0.0006403846200555563,0.0224421,0.0223604,0.00145644,33.1253137896,33.1566051197,56.7817954999,0.973517559463,0.979940685241,0.997033295867,
203,0.0003648894198704511,0.0293093,0.0264297,0.00167478,30.7324976452,31.6815470378,55.5996285275,0.940566422045,0.976179684816,0.996799251777,
204,0.00020836913608945906,0.0199849,0.0197333,0.00119603,34.1296294765,34.2436859146,58.5371180984,0.984468783334,0.982618696008,0.99952172877,
205,0.00028137917979620397,0.0193429,0.0193144,0.0011532,34.4432974161,34.4501929767,58.8648596906,0.984918098345,0.987167078949,0.999532182421,
206,0.0004142330726608634,0.019702,0.0193387,0.00111357,34.2378924019,34.4062136363,59.1655410496,0.983594820127,0.985745451188,0.999623779691,
207,0.0004018371400889009,0.0186199,0.0187745,0.00103003,34.7586781155,34.6787308862,59.8281566164,0.986044357538,0.988038414873,0.999631209677,
208,0.0002987761399708688,0.0193942,0.0195886,0.00106517,34.3885334968,34.2998425492,59.5480896738,0.981083161888,0.987697307986,0.999594593112,
209,0.00011113399523310363,0.0182867,0.0180727,0.00106573,34.8894674147,34.9937799846,59.5338564831,0.986633299693,0.987972635029,0.999400045431,
210,0.00041115624480880797,0.022588,0.0230688,0.00126877,33.0669819029,32.8551138385,58.0011228296,0.969420182349,0.980931806908,0.99930775614,
211,0.0009301505633629858,0.0253801,0.0248352,0.00122218,32.0175946455,32.2218144122,58.331828399,0.962086292645,0.967248478302,0.998823959243,
212,0.0007168377633206546,0.0327219,0.0327948,0.00179993,29.8446016974,29.8250174229,55.0183130314,0.967851459424,0.970352962652,0.997629407828,
213,0.00033813153277151287,0.0215348,0.0225329,0.00110276,33.4461086299,33.0607445095,59.2294169972,0.97531458165,0.96147341945,0.999444875104,
214,0.0001508079731138423,0.0180315,0.0180121,0.000997651,35.040896338,35.0473372581,60.1144442244,0.98428584436,0.989786899792,0.999456801547,
215,0.00030641682678833604,0.024098,0.0240242,0.00111276,32.5061603195,32.5317797432,59.1924387044,0.976059172924,0.977922239146,0.999532925869,
216,0.00038286682683974504,0.0194661,0.0194589,0.00101073,34.368543717,34.3704738176,60.011718768,0.984170307061,0.986497821794,0.999552645997,
217,0.00017584653687663376,0.0193353,0.0191147,0.000997649,34.4134883723,34.5200836429,60.1028662143,0.985896283108,0.986750728611,0.999669622701,
218,0.00025829320657067,0.0182196,0.0182455,0.00102493,34.9451240303,34.9289211713,59.8912991283,0.987676251018,0.986505476283,0.999046322596,
219,0.00016011149273253977,0.0183488,0.0180949,0.000985796,34.8677684806,34.9999604283,60.2033578897,0.986882888142,0.988639436476,0.999588865993,
220,0.00020742835476994514,0.0187552,0.0189033,0.0010461,34.7185935618,34.6408468179,59.7807968924,0.985154059454,0.986248910784,0.999619003022,
221,0.00028992400621064007,0.0186843,0.018792,0.00099291,34.7141931301,34.6552774793,60.182313922,0.98503411897,0.987628463143,0.999493837562,
222,0.0002409747103229165,0.0184341,0.0181835,0.000981983,34.8395424408,34.9618267302,60.2410182676,0.987490209083,0.989324592747,0.999614644598,
223,0.0004388376255519688,0.0184767,0.0188298,0.00103687,34.8242574272,34.6528802379,59.7900774987,0.985782449416,0.985494447521,0.999642485775,
224,0.00019299855921417475,0.0193958,0.0190311,0.00101037,34.386140132,34.5654516672,59.9977517576,0.984773159811,0.988584614879,0.999439807513,
225,0.000291375006781891,0.018603,0.0183955,0.00101302,34.7677644569,34.8668408857,59.9768451098,0.983238286306,0.988829315498,0.99959301554,
226,0.00017634393589105457,0.0177455,0.0178826,0.000988703,35.172137231,35.1020301144,60.1837073101,0.98595024869,0.989453000606,0.999465975319,
227,0.0002382806414971128,0.0175537,0.0176274,0.00100934,35.260859417,35.2241231718,60.0131953263,0.985616936289,0.989449669842,0.999522936638,
228,0.0001619714603293687,0.0184265,0.0184737,0.00104116,34.8399909875,34.8139042067,59.734554026,0.985268889273,0.981642182514,0.999438353283,
229,0.00015780511603225023,0.017466,0.0177096,0.00100311,35.2914124857,35.1683790823,60.0433414559,0.986126199459,0.989265308426,0.999676633778,
230,0.00023785712255630642,0.0217914,0.0211497,0.00116064,33.3593569905,33.6279033415,58.7982763869,0.980635300966,0.979363741565,0.999001871989,
231,0.0011086228769272566,0.0473734,0.0471608,0.00619402,26.6343275709,26.6724760715,44.2457593685,0.92043251988,0.935528541404,0.98464024878,
232,0.0008386492845602334,0.0306955,0.0306321,0.0022697,30.3884474704,30.4062628374,52.9705465562,0.966801475026,0.968218751828,0.995353616097,
233,0.0004160869284532964,0.0263528,0.0255377,0.00166076,31.6962293984,31.9886223896,55.6893459405,0.977945324261,0.977044324729,0.997678874209,
234,0.00044010294368490577,0.0215422,0.0216647,0.0011662,33.4669381835,33.4142965177,58.7525910103,0.981962345497,0.982882320761,0.999122316611,
235,0.00022227932640817016,0.0195234,0.0194917,0.00103437,34.3465108092,34.3566852156,59.7944551323,0.983203693688,0.986203797693,0.999468846928,
236,0.0003061835013795644,0.0188925,0.018927,0.00100099,34.6218530448,34.5998504176,60.082781734,0.985054254785,0.98424114729,0.999526565906,
237,0.0003207378904335201,0.0184887,0.0185163,0.000978628,34.8084493595,34.7902099457,60.3039819352,0.985427143665,0.986302919234,0.999587244652,
238,0.00020021737145725638,0.019095,0.0193764,0.00100853,34.5309723246,34.3912373311,60.0507901459,0.98634927382,0.986656070074,0.999531416555,
239,0.00016054738080129027,0.0181061,0.0177545,0.000950725,34.9867019066,35.164669463,60.529471146,0.986435834974,0.988905981455,0.999568850489,
240,0.0003672162420116365,0.021235,0.0201985,0.00108626,33.5843520518,34.0371824958,59.3551480553,0.971423063246,0.984408656426,0.99947701771,
241,0.000202672352315858,0.01991,0.0192103,0.000987688,34.1643487636,34.4878156961,60.2024006563,0.98038925928,0.986253245756,0.999528281186,
242,0.0002811378217302263,0.0193938,0.0192769,0.000999792,34.3788926065,34.4331179192,60.0827286337,0.985343852376,0.987397940792,0.99954476649,
243,0.00036336801713332534,0.0194529,0.0194322,0.00100109,34.3587572753,34.3642631338,60.0675644631,0.98279872707,0.982569713392,0.999623606295,
244,0.0001582702825544402,0.0192722,0.0185252,0.00100652,34.4465850543,34.8123448726,60.0476595088,0.986722854035,0.987158834891,0.999639572314,
245,0.00041928410064429045,0.0229391,0.02321,0.0013658,32.9089033204,32.7995821571,57.3793576243,0.968325388785,0.915929729016,0.998702782476,
246,0.00022818079742137343,0.0172021,0.0172376,0.000984695,35.4421751767,35.4198158106,60.2256898011,0.987580542041,0.98982076953,0.999494408359,
247,0.00018732136231847107,0.0207187,0.0206926,0.00119828,33.8462708646,33.851162964,58.6085469107,0.983443420223,0.979530311471,0.999236730991,
248,0.00018438258848618716,0.0181028,0.0176512,0.0010037,34.9742509263,35.207200415,60.0447573635,0.985727545102,0.985512974488,0.99940938761,
249,0.0003403651062399149,0.020664,0.0231109,0.00118391,33.8334648429,32.8349712608,58.6159370824,0.986138699118,0.973661553754,0.999512584974,
250,0.0002722867066040635,0.0182781,0.0182337,0.00100531,34.9029242646,34.9248563837,60.0217414486,0.985612633924,0.987601881779,0.998739444616,
251,0.00011556298704817891,0.0173636,0.0172134,0.000962247,35.3530306638,35.4344773977,60.4253516213,0.986148935956,0.985247851085,0.999585619626,
252,0.0016971309669315815,0.027547,0.0340786,0.00147058,31.3029078492,29.3990790406,56.7765888413,0.967604189384,0.923087926919,0.997577781128,
253,0.0001882437354652211,0.0182725,0.0179684,0.00100762,34.8998136819,35.0504571105,60.018304583,0.984154573493,0.98763209908,0.999585583161,
254,0.00020156573737040162,0.018045,0.0179457,0.000972106,35.0245545167,35.0740359538,60.317345144,0.985615719803,0.986507686373,0.999525300803,
255,0.00020204298198223114,0.0174962,0.0173544,0.000952393,35.2714314974,35.3462516366,60.4965257621,0.985471067629,0.983307937647,0.999484083819,
256,0.00023385488020721823,0.0178362,0.0176294,0.000933197,35.1222038229,35.2340720653,60.6829540982,0.987119027869,0.98667339991,0.999538995155,
257,0.00020547206804621965,0.0188502,0.0185257,0.0011593,34.6529450605,34.81080794,58.7919734827,0.983777911586,0.98388468558,0.999318889191,
258,0.00033167959190905094,0.0208,0.0205206,0.00106971,33.782820359,33.9065694364,59.5060748425,0.972826775796,0.979775205159,0.999485797677,
1,0.02351441979408264,0.134933,0.147628,0.0145244,17.4565659237,16.7050464285,36.7876247011,0.53739093431,0.650068051216,0.771038130869,
2,0.009803827852010727,0.0883805,0.101316,0.0141959,21.1306717708,19.9357386213,36.9792870701,0.649973928201,0.649324504841,0.819388925832,
3,0.008464673534035683,0.0769582,0.0811743,0.0143379,22.334028898,21.8796041071,36.8838905763,0.682783884715,0.644058465121,0.77025169081,
4,0.007181956898421049,0.0727284,0.0747947,0.0156876,22.8223215889,22.5872452701,36.0992783894,0.65995083927,0.646084274341,0.785525322623,
5,0.006153355352580547,0.0687953,0.0693812,0.0162028,23.3257174403,23.2292813183,35.8180748299,0.660511641599,0.690592469196,0.737444385768,
6,0.004664883483201265,0.0637842,0.0651967,0.0155396,23.9843060648,23.7909002884,36.18398629,0.668646981782,0.685143594667,0.771659461248,
7,0.004448945168405771,0.0640827,0.0635286,0.0148198,23.9261096787,24.0414839869,36.5975837774,0.665518830909,0.714167886696,0.808894810898,
8,0.003309571649879217,0.0627667,0.0623651,0.0145862,24.1239097428,24.2154874341,36.7344274308,0.648444874217,0.714299042824,0.810318169949,
9,0.002807320561259985,0.0625416,0.0607656,0.014367,24.1586631444,24.4237096497,36.8660773823,0.632885057289,0.678708448919,0.811224977436,
10,0.005024325102567673,0.0611574,0.0631698,0.01382,24.3624394879,24.0467364305,37.2053947569,0.62292136718,0.646630355347,0.829074427291,
11,0.0035449285060167313,0.0627549,0.0637287,0.0131188,24.1070378015,23.9766398836,37.6623796477,0.636237797337,0.684060450871,0.842742496424,
12,0.003056718036532402,0.0592619,0.0604871,0.0129542,24.6290466371,24.4795111521,37.7710482499,0.692900737077,0.711683402469,0.864706515214,
13,0.002085490385070443,0.0614832,0.0594641,0.0126068,24.3083572926,24.6481891048,38.0084172818,0.703941572342,0.735195240024,0.856489097142,
14,0.005953503306955099,0.0629534,0.0595308,0.0121924,24.073884252,24.6281563768,38.296302315,0.706723262196,0.716510203786,0.882609748719,
15,0.0017064455896615982,0.0600515,0.0572849,0.0117535,24.5039166574,24.9492849169,38.6236143918,0.732616480919,0.762283590286,0.884475158053,
16,0.0016198537778109312,0.0587413,0.0572056,0.0109137,24.7096493085,24.9516133594,39.2685331828,0.753287934434,0.768134322927,0.896105034213,
17,0.002344603883102536,0.0559118,0.0568111,0.0114092,25.1656342376,25.0247687573,38.8915335463,0.772764053102,0.769073589125,0.919568896112,
18,0.0020128581672906876,0.0551417,0.0557045,0.0111476,25.2924600557,25.2008359574,39.0963553604,0.797181480116,0.79498378449,0.938916118775,
19,0.0021332779433578253,0.0535178,0.0546041,0.0106384,25.5605369988,25.3873728612,39.5089481322,0.84933579684,0.867765930168,0.956229577926,
